rPos_X = 2273.243408
rPos_Y = 2443.565673
rPos_Z = 3.273437
rPos_A = 305.426574
rInterior = 0
rWorld = 0
