aLevel = 0
vLevel = 0
pCash = 10000
pScore = 0
pKills = 0
pDeaths = 0
pHoldups = 0
pCrimes = 0
pFined = 0
pArrests = 0
pTakedowns = 0
pTickets = 0
pRope = 0
pPaintCan = 0
pScissors = 0
pKits = 0
vLock = 0
Helper = 0
hHelper = 0
pWarns = 0
pKicks = 0
pJoins = 1
pMaterials = 0
Banned = 0
jTime = 0
pWanted = 0
pArmour = 0.000000
pHealth = 100.000000
cTime = 0
pPass = A38293470F3457D631143AB1E3723E40124A054F87CAF169A9B8CA5D2406FECF4429B8A7DDE07631DF59FDF736079B788D1336818D5E50A80408F0BD16F7965F
